0,0
0.000457528,0.000502437
0.000851393,0.000934183
0.00120356,0.00131962
0.00152752,0.00167367
0.00183192,0.00200591
0.00212254,0.0023227
0.00240331,0.0026284
0.002677,0.00292605
0.00294559,0.0032178
0.00321047,0.00350522
0.0034727,0.00378944
0.00373301,0.00407127
0.00399197,0.00435134
0.00425,0.0046301
0.00450739,0.00490787
0.00476438,0.00518491
0.00502113,0.0054614
0.00527778,0.00573748
0.00553442,0.00601325
0.00579112,0.00628879
0.00604793,0.00656416
0.00630489,0.0068394
0.00656205,0.00711454
0.00681941,0.00738961
0.00707699,0.00766463
0.00733481,0.0079396
0.00759288,0.00821455
0.00785121,0.00848946
0.00810979,0.00876437
0.00836864,0.00903925
0.00862776,0.00931413
0.00888716,0.009589
0.00914682,0.00986386
0.00940677,0.0101387
0.00966698,0.0104136
0.00992748,0.0106884
0.0101883,0.0109633
0.0104493,0.0112381
0.0107107,0.011513
0.0109723,0.0117878
0.0112342,0.0120626
0.0114964,0.0123375
0.0117588,0.0126123
0.0120216,0.0128872
0.0122846,0.013162
0.012548,0.0134368
0.0128116,0.0137117
0.0130755,0.0139865
0.0133397,0.0142613
0.0136041,0.0145361
0.0138689,0.014811
0.0141339,0.0150858
0.0143993,0.0153606
0.0146649,0.0156354
0.0149308,0.0159103
0.0151971,0.0161851
0.0154636,0.0164599
0.0157304,0.0167347
0.0159974,0.0170096
0.0162648,0.0172844
0.0165325,0.0175592
0.0168005,0.017834
0.0170688,0.0181088
0.0173373,0.0183836
0.0176062,0.0186584
0.0178753,0.0189333
0.0181448,0.0192081
0.0184145,0.0194829
0.0186846,0.0197577
0.0189549,0.0200325
0.0192256,0.0203073
0.0194965,0.0205821
0.0197678,0.0208569
0.0200393,0.0211317
0.0203112,0.0214065
0.0205834,0.0216813
0.0208558,0.0219561
0.0211286,0.0222309
0.0214017,0.0225057
0.021675,0.0227805
0.0219487,0.0230553
0.0222227,0.0233301
0.022497,0.0236049
0.0227716,0.0238797
0.0230465,0.0241545
0.0233217,0.0244292
0.0235972,0.024704
0.0238731,0.0249788
0.0241492,0.0252536
0.0244257,0.0255284
0.0247025,0.0258032
0.0249795,0.026078
0.0252569,0.0263527
0.0255346,0.0266275
0.0258127,0.0269023
0.026091,0.0271771
0.0263696,0.0274518
0.0266486,0.0277266
0.0269279,0.0280014
0.0272075,0.0282762
0.0274874,0.0285509
0.0277677,0.0288257
0.0280482,0.0291005
0.0283291,0.0293752
0.0286103,0.02965
0.0288918,0.0299248
0.0291737,0.0301995
0.0294558,0.0304743
0.0297383,0.0307491
0.0300211,0.0310238
0.0303043,0.0312986
0.0305877,0.0315733
0.0308715,0.0318481
0.0311556,0.0321229
0.03144,0.0323976
0.0317248,0.0326724
0.0320099,0.0329471
0.0322953,0.0332219
0.0325811,0.0334966
0.0328672,0.0337714
0.0331536,0.0340461
0.0334403,0.0343209
0.0337274,0.0345956
0.0340148,0.0348703
0.0343026,0.0351451
0.0345906,0.0354198
0.0348791,0.0356946
0.0351678,0.0359693
0.0354569,0.036244
0.0357463,0.0365188
0.0360361,0.0367935
0.0363262,0.0370682
0.0366166,0.037343
0.0369074,0.0376177
0.0371985,0.0378924
0.03749,0.0381672
0.0377818,0.0384419
0.0380739,0.0387166
0.0383664,0.0389913
0.0386592,0.0392661
0.0389524,0.0395408
0.0392459,0.0398155
0.0395398,0.0400902
0.039834,0.0403649
0.0401286,0.0406397
0.0404235,0.0409144
0.0407188,0.0411891
0.0410144,0.0414638
0.0413103,0.0417385
0.0416066,0.0420132
0.0419033,0.0422879
0.0422003,0.0425626
0.0424977,0.0428373
0.0427954,0.043112
0.0430935,0.0433868
0.0433919,0.0436615
0.0436907,0.0439362
0.0439899,0.0442109
0.0442894,0.0444856
0.0445892,0.0447602
0.0448895,0.0450349
0.0451901,0.0453096
0.045491,0.0455843
0.0457923,0.045859
0.046094,0.0461337
0.046396,0.0464084
0.0466984,0.0466831
0.0470012,0.0469578
0.0473043,0.0472325
0.0476078,0.0475071
0.0479117,0.0477818
0.0482159,0.0480565
0.0485205,0.0483312
0.0488255,0.0486059
0.0491308,0.0488805
0.0494365,0.0491552
0.0497426,0.0494299
0.0500491,0.0497046
0.0503559,0.0499792
0.0506631,0.0502539
0.0509707,0.0505286
0.0512786,0.0508032
0.051587,0.0510779
0.0518957,0.0513526
0.0522048,0.0516272
0.0525142,0.0519019
0.0528241,0.0521765
0.0531343,0.0524512
0.0534449,0.0527259
0.0537559,0.0530005
0.0540673,0.0532752
0.0543791,0.0535498
0.0546912,0.0538245
0.0550037,0.0540991
0.0553167,0.0543738
0.05563,0.0546484
0.0559437,0.0549231
0.0562577,0.0551977
0.0565722,0.0554723
0.0568871,0.055747
0.0572024,0.0560216
0.057518,0.0562963
0.057834,0.0565709
0.0581505,0.0568455
0.0584673,0.0571202
0.0587846,0.0573948
0.0591022,0.0576694
0.0594202,0.057944
0.0597386,0.0582187
0.0600575,0.0584933
0.0603767,0.0587679
0.0606963,0.0590425
0.0610164,0.0593172
0.0613368,0.0595918
0.0616576,0.0598664
0.0619789,0.060141
0.0623005,0.0604156
0.0626226,0.0606902
0.0629451,0.0609649
0.063268,0.0612395
0.0635912,0.0615141
0.0639149,0.0617887
0.064239,0.0620633
0.0645636,0.0623379
0.0648885,0.0626125
0.0652139,0.0628871
0.0655396,0.0631617
0.0658658,0.0634363
0.0661924,0.0637109
0.0665194,0.0639855
0.0668469,0.0642601
0.0671747,0.0645347
0.067503,0.0648093
0.0678317,0.0650838
0.0681608,0.0653584
0.0684904,0.065633
0.0688204,0.0659076
0.0691508,0.0661822
0.0694816,0.0664568
0.0698129,0.0667313
0.0701446,0.0670059
0.0704767,0.0672805
0.0708092,0.0675551
0.0711422,0.0678296
0.0714756,0.0681042
0.0718095,0.0683788
0.0721438,0.0686533
0.0724785,0.0689279
0.0728136,0.0692025
0.0731492,0.069477
0.0734853,0.0697516
0.0738218,0.0700261
0.0741587,0.0703007
0.074496,0.0705753
0.0748338,0.0708498
0.0751721,0.0711244
0.0755108,0.0713989
0.0758499,0.0716735
0.0761895,0.071948
0.0765296,0.0722226
0.07687,0.0724971
0.077211,0.0727716
0.0775524,0.0730462
0.0778942,0.0733207
0.0782365,0.0735953
0.0785793,0.0738698
0.0789225,0.0741443
0.0792662,0.0744188
0.0796103,0.0746934
0.0799549,0.0749679
0.0802999,0.0752424
0.0806454,0.075517
0.0809914,0.0757915
0.0813378,0.076066
0.0816847,0.0763405
0.0820321,0.076615
0.08238,0.0768895
0.0827283,0.0771641
0.083077,0.0774386
0.0834263,0.0777131
0.083776,0.0779876
0.0841262,0.0782621
0.0844769,0.0785366
0.084828,0.0788111
0.0851796,0.0790856
0.0855317,0.0793601
0.0858843,0.0796346
0.0862374,0.0799091
0.0865909,0.0801836
0.0869449,0.0804581
0.0872994,0.0807326
0.0876544,0.0810071
0.0880099,0.0812815
0.0883659,0.081556
0.0887223,0.0818305
0.0890793,0.082105
0.0894367,0.0823795
0.0897946,0.0826539
0.090153,0.0829284
0.090512,0.0832029
0.0908714,0.0834774
0.0912313,0.0837518
0.0915917,0.0840263
0.0919526,0.0843008
0.092314,0.0845752
0.0926759,0.0848497
0.0930383,0.0851241
0.0934013,0.0853986
0.0937647,0.0856731
0.0941286,0.0859475
0.0944931,0.086222
0.094858,0.0864964
0.0952235,0.0867709
0.0955895,0.0870453
0.095956,0.0873197
0.096323,0.0875942
0.0966905,0.0878686
0.0970585,0.0881431
0.0974271,0.0884175
0.0977962,0.0886919
0.0981658,0.0889664
0.0985359,0.0892408
0.0989066,0.0895152
0.0992777,0.0897896
0.0996494,0.0900641
0.100022,0.0903385
0.100394,0.0906129
0.100768,0.0908873
0.101142,0.0911617
0.101516,0.0914362
0.101891,0.0917106
0.102266,0.091985
0.102642,0.0922594
0.103019,0.0925338
0.103396,0.0928082
0.103773,0.0930826
0.104152,0.093357
0.10453,0.0936314
0.10491,0.0939058
0.105289,0.0941802
0.10567,0.0944546
0.106051,0.0947289
0.106432,0.0950033
0.106814,0.0952777
0.107197,0.0955521
0.10758,0.0958265
0.107963,0.0961008
0.108348,0.0963752
0.108732,0.0966496
0.109118,0.096924
0.109504,0.0971983
0.10989,0.0974727
0.110277,0.0977471
0.110665,0.0980214
0.111053,0.0982958
0.111442,0.0985701
0.111831,0.0988445
0.112221,0.0991188
0.112612,0.0993932
0.113003,0.0996675
0.113394,0.0999419
0.113786,0.100216
0.114179,0.100491
0.114573,0.100765
0.114967,0.101039
0.115361,0.101314
0.115756,0.101588
0.116152,0.101862
0.116549,0.102137
0.116946,0.102411
0.117343,0.102685
0.117741,0.10296
0.11814,0.103234
0.118539,0.103508
0.118939,0.103782
0.11934,0.104057
0.119741,0.104331
0.120143,0.104605
0.120545,0.10488
0.120948,0.105154
0.121352,0.105428
0.121756,0.105703
0.122161,0.105977
0.122566,0.106251
0.122972,0.106525
0.123379,0.1068
0.123786,0.107074
0.124194,0.107348
0.124603,0.107623
0.125012,0.107897
0.125422,0.108171
0.125833,0.108445
0.126244,0.10872
0.126655,0.108994
0.127068,0.109268
0.127481,0.109543
0.127894,0.109817
0.128309,0.110091
0.128724,0.110365
0.129139,0.11064
0.129556,0.110914
0.129973,0.111188
0.13039,0.111462
0.130808,0.111737
0.131227,0.112011
0.131647,0.112285
0.132067,0.112559
0.132488,0.112833
0.132909,0.113108
0.133332,0.113382
0.133754,0.113656
0.134178,0.11393
0.134602,0.114205
0.135027,0.114479
0.135453,0.114753
0.135879,0.115027
0.136306,0.115301
0.136733,0.115576
0.137162,0.11585
0.137591,0.116124
0.13802,0.116398
0.138451,0.116672
0.138882,0.116947
0.139313,0.117221
0.139746,0.117495
0.140179,0.117769
0.140613,0.118043
0.141047,0.118317
0.141483,0.118592
0.141919,0.118866
0.142355,0.11914
0.142793,0.119414
0.143231,0.119688
0.14367,0.119962
0.144109,0.120237
0.14455,0.120511
0.14499,0.120785
0.145432,0.121059
0.145875,0.121333
0.146318,0.121607
0.146762,0.121882
0.147206,0.122156
0.147652,0.12243
0.148098,0.122704
0.148545,0.122978
0.148992,0.123252
0.149441,0.123526
0.14989,0.1238
0.15034,0.124075
0.15079,0.124349
0.151242,0.124623
0.151694,0.124897
0.152147,0.125171
0.1526,0.125445
0.153055,0.125719
0.15351,0.125993
0.153966,0.126267
0.154423,0.126541
0.15488,0.126815
0.155338,0.12709
0.155797,0.127364
0.156257,0.127638
0.156718,0.127912
0.157179,0.128186
0.157641,0.12846
0.158104,0.128734
0.158568,0.129008
0.159033,0.129282
0.159498,0.129556
0.159964,0.12983
0.160431,0.130104
0.160899,0.130378
0.161368,0.130652
0.161837,0.130926
0.162308,0.1312
0.162779,0.131474
0.163251,0.131748
0.163723,0.132022
0.164197,0.132296
0.164671,0.13257
0.165147,0.132845
0.165623,0.133119
0.166099,0.133393
0.166577,0.133667
0.167056,0.133941
0.167535,0.134215
0.168016,0.134488
0.168497,0.134762
0.168979,0.135036
0.169462,0.13531
0.169945,0.135584
0.17043,0.135858
0.170915,0.136132
0.171402,0.136406
0.171889,0.13668
0.172377,0.136954
0.172866,0.137228
0.173356,0.137502
0.173846,0.137776
0.174338,0.13805
0.174831,0.138324
0.175324,0.138598
0.175818,0.138872
0.176313,0.139146
0.17681,0.13942
0.177307,0.139694
0.177804,0.139968
0.178303,0.140241
0.178803,0.140515
0.179304,0.140789
0.179805,0.141063
0.180308,0.141337
0.180811,0.141611
0.181316,0.141885
0.181821,0.142159
0.182327,0.142433
0.182835,0.142707
0.183343,0.14298
0.183852,0.143254
0.184362,0.143528
0.184873,0.143802
0.185385,0.144076
0.185898,0.14435
0.186412,0.144624
0.186927,0.144897
0.187443,0.145171
0.18796,0.145445
0.188477,0.145719
0.188996,0.145993
0.189516,0.146267
0.190037,0.14654
0.190559,0.146814
0.191081,0.147088
0.191605,0.147362
0.19213,0.147636
0.192656,0.147909
0.193183,0.148183
0.193711,0.148457
0.194239,0.148731
0.194769,0.149005
0.1953,0.149278
0.195832,0.149552
0.196365,0.149826
0.196899,0.1501
0.197435,0.150373
0.197971,0.150647
0.198508,0.150921
0.199046,0.151195
0.199586,0.151468
0.200126,0.151742
0.200668,0.152016
0.20121,0.15229
0.201754,0.152563
0.202298,0.152837
0.202844,0.153111
0.203391,0.153385
0.203939,0.153658
0.204488,0.153932
0.205039,0.154206
0.20559,0.154479
0.206142,0.154753
0.206696,0.155027
0.207251,0.1553
0.207806,0.155574
0.208363,0.155848
0.208921,0.156121
0.209481,0.156395
0.210041,0.156669
0.210602,0.156942
0.211165,0.157216
0.211729,0.15749
0.212294,0.157763
0.21286,0.158037
0.213427,0.158311
0.213996,0.158584
0.214566,0.158858
0.215137,0.159131
0.215709,0.159405
0.216282,0.159679
0.216856,0.159952
0.217432,0.160226
0.218009,0.160499
0.218587,0.160773
0.219166,0.161047
0.219747,0.16132
0.220329,0.161594
0.220912,0.161867
0.221496,0.162141
0.222082,0.162414
0.222668,0.162688
0.223257,0.162961
0.223846,0.163235
0.224436,0.163508
0.225028,0.163782
0.225621,0.164055
0.226216,0.164329
0.226812,0.164602
0.227409,0.164876
0.228007,0.165149
0.228607,0.165423
0.229208,0.165696
0.22981,0.16597
0.230413,0.166243
0.231018,0.166517
0.231625,0.16679
0.232232,0.167064
0.232841,0.167337
0.233451,0.167611
0.234063,0.167884
0.234676,0.168157
0.235291,0.168431
0.235906,0.168704
0.236524,0.168978
0.237142,0.169251
0.237762,0.169525
0.238384,0.169798
0.239006,0.170071
0.239631,0.170345
0.240256,0.170618
0.240883,0.170891
0.241512,0.171165
0.242142,0.171438
0.242773,0.171711
0.243406,0.171985
0.24404,0.172258
0.244676,0.172531
0.245313,0.172805
0.245952,0.173078
0.246592,0.173351
0.247234,0.173625
0.247877,0.173898
0.248522,0.174171
0.249168,0.174445
0.249816,0.174718
0.250466,0.174991
0.251116,0.175264
0.251769,0.175538
0.252423,0.175811
0.253078,0.176084
0.253736,0.176357
0.254394,0.17663
0.255055,0.176904
0.255716,0.177177
0.25638,0.17745
0.257045,0.177723
0.257712,0.177996
0.25838,0.17827
0.25905,0.178543
0.259722,0.178816
0.260395,0.179089
0.26107,0.179362
0.261747,0.179635
0.262425,0.179909
0.263105,0.180182
0.263786,0.180455
0.26447,0.180728
0.265155,0.181001
0.265842,0.181274
0.26653,0.181547
0.26722,0.18182
0.267912,0.182093
0.268606,0.182366
0.269302,0.182639
0.269999,0.182912
0.270698,0.183186
0.271399,0.183459
0.272101,0.183732
0.272806,0.184005
0.273512,0.184278
0.27422,0.184551
0.27493,0.184824
0.275642,0.185097
0.276356,0.18537
0.277071,0.185642
0.277788,0.185915
0.278508,0.186188
0.279229,0.186461
0.279952,0.186734
0.280677,0.187007
0.281404,0.18728
0.282133,0.187553
0.282864,0.187826
0.283596,0.188099
0.284331,0.188372
0.285068,0.188644
0.285807,0.188917
0.286547,0.18919
0.28729,0.189463
0.288035,0.189736
0.288782,0.190009
0.28953,0.190281
0.290281,0.190554
0.291034,0.190827
0.291789,0.1911
0.292547,0.191373
0.293306,0.191645
0.294067,0.191918
0.294831,0.192191
0.295596,0.192464
0.296364,0.192736
0.297134,0.193009
0.297906,0.193282
0.298681,0.193554
0.299457,0.193827
0.300236,0.1941
0.301017,0.194372
0.301801,0.194645
0.302586,0.194918
0.303374,0.19519
0.304164,0.195463
0.304956,0.195735
0.305751,0.196008
0.306548,0.196281
0.307348,0.196553
0.308149,0.196826
0.308954,0.197098
0.30976,0.197371
0.310569,0.197643
0.31138,0.197916
0.312194,0.198188
0.313011,0.198461
0.313829,0.198733
0.31465,0.199006
0.315474,0.199278
0.3163,0.19955
0.317129,0.199823
0.31796,0.200095
0.318794,0.200368
0.319631,0.20064
0.32047,0.200912
0.321311,0.201185
0.322155,0.201457
0.323002,0.201729
0.323852,0.202002
0.324704,0.202274
0.325559,0.202546
0.326417,0.202819
0.327277,0.203091
0.32814,0.203363
0.329006,0.203635
0.329875,0.203908
0.330746,0.20418
0.331621,0.204452
0.332498,0.204724
0.333378,0.204996
0.334261,0.205268
0.335147,0.205541
0.336035,0.205813
0.336927,0.206085
0.337822,0.206357
0.338719,0.206629
0.33962,0.206901
0.340524,0.207173
0.341431,0.207445
0.34234,0.207717
0.343253,0.207989
0.344169,0.208261
0.345089,0.208533
0.346011,0.208805
0.346937,0.209077
0.347865,0.209349
0.348797,0.209621
0.349733,0.209893
0.350671,0.210165
0.351613,0.210436
0.352558,0.210708
0.353507,0.21098
0.354459,0.211252
0.355414,0.211524
0.356373,0.211795
0.357335,0.212067
0.358301,0.212339
0.35927,0.212611
0.360243,0.212882
0.36122,0.213154
0.3622,0.213426
0.363183,0.213697
0.364171,0.213969
0.365162,0.21424
0.366156,0.214512
0.367155,0.214783
0.368157,0.215055
0.369163,0.215327
0.370173,0.215598
0.371187,0.215869
0.372204,0.216141
0.373226,0.216412
0.374252,0.216684
0.375281,0.216955
0.376315,0.217227
0.377352,0.217498
0.378394,0.217769
0.37944,0.21804
0.38049,0.218312
0.381545,0.218583
0.382603,0.218854
0.383666,0.219125
0.384733,0.219397
0.385805,0.219668
0.386881,0.219939
0.387961,0.22021
0.389046,0.220481
0.390136,0.220752
0.39123,0.221023
0.392328,0.221294
0.393431,0.221565
0.394539,0.221836
0.395652,0.222107
0.39677,0.222378
0.397892,0.222649
0.399019,0.22292
0.400151,0.223191
0.401288,0.223461
0.40243,0.223732
0.403577,0.224003
0.40473,0.224274
0.405887,0.224544
0.40705,0.224815
0.408218,0.225086
0.409391,0.225356
0.410569,0.225627
0.411753,0.225897
0.412943,0.226168
0.414138,0.226438
0.415338,0.226709
0.416545,0.226979
0.417757,0.227249
0.418974,0.22752
0.420198,0.22779
0.421427,0.22806
0.422663,0.228331
0.423904,0.228601
0.425152,0.228871
0.426405,0.229141
0.427665,0.229411
0.428931,0.229681
0.430204,0.229951
0.431483,0.230221
0.432768,0.230491
0.43406,0.230761
0.435359,0.231031
0.436664,0.231301
0.437977,0.231571
0.439296,0.23184
0.440622,0.23211
0.441955,0.23238
0.443295,0.232649
0.444643,0.232919
0.445997,0.233188
0.447359,0.233458
0.448729,0.233727
0.450106,0.233997
0.451491,0.234266
0.452884,0.234535
0.454284,0.234805
0.455693,0.235074
0.457109,0.235343
0.458534,0.235612
0.459967,0.235881
0.461408,0.23615
0.462858,0.236419
0.464316,0.236688
0.465784,0.236957
0.46726,0.237226
0.468745,0.237495
0.470239,0.237763
0.471742,0.238032
0.473254,0.2383
0.474776,0.238569
0.476308,0.238837
0.47785,0.239106
0.479401,0.239374
0.480962,0.239642
0.482534,0.239911
0.484116,0.240179
0.485708,0.240447
0.487311,0.240715
0.488925,0.240983
0.49055,0.241251
0.492185,0.241518
0.493833,0.241786
0.495491,0.242054
0.497162,0.242321
0.498844,0.242589
0.500538,0.242856
0.502245,0.243124
0.503964,0.243391
0.505696,0.243658
0.50744,0.243925
0.509198,0.244192
0.510969,0.244459
0.512754,0.244726
0.514552,0.244992
0.516365,0.245259
0.518192,0.245526
0.520033,0.245792
0.521889,0.246058
0.523761,0.246325
0.525648,0.246591
0.52755,0.246857
0.529469,0.247123
0.531403,0.247388
0.533355,0.247654
0.535323,0.24792
0.537309,0.248185
0.539312,0.24845
0.541334,0.248716
0.543374,0.248981
0.545432,0.249245
0.54751,0.24951
0.549608,0.249775
0.551725,0.250039
0.553863,0.250304
0.556022,0.250568
0.558203,0.250832
0.560405,0.251096
0.56263,0.25136
0.564878,0.251623
0.567149,0.251887
0.569445,0.25215
0.571765,0.252413
0.574111,0.252676
0.576483,0.252938
0.578881,0.253201
0.581307,0.253463
0.583761,0.253725
0.586244,0.253987
0.588757,0.254249
0.5913,0.25451
0.593875,0.254771
0.596482,0.255032
0.599122,0.255292
0.601797,0.255553
0.604507,0.255813
0.607254,0.256073
0.610039,0.256332
0.612862,0.256591
0.615725,0.25685
0.618631,0.257109
0.621579,0.257367
0.624572,0.257625
0.62761,0.257882
0.630697,0.258139
0.633833,0.258396
0.637021,0.258652
0.640262,0.258908
0.64356,0.259163
0.646915,0.259418
0.65033,0.259673
0.653809,0.259926
0.657353,0.26018
0.660966,0.260432
0.664652,0.260684
0.668412,0.260936
0.672252,0.261187
0.676175,0.261437
0.680186,0.261686
0.684289,0.261934
0.68849,0.262182
0.692793,0.262428
0.697206,0.262674
0.701734,0.262919
0.706385,0.263162
0.711168,0.263405
0.71609,0.263646
0.721163,0.263885
0.726397,0.264124
0.731805,0.26436
0.7374,0.264595
0.743199,0.264828
0.74922,0.265059
0.755483,0.265287
0.762011,0.265513
0.768834,0.265736
0.775983,0.265956
0.783496,0.266173
0.791419,0.266385
0.799807,0.266593
0.808728,0.266796
0.818266,0.266993
0.828527,0.267183
0.839648,0.267365
0.851811,0.267537
0.865265,0.267697
0.880361,0.267843
0.897623,0.26797
0.917882,0.268074
0.942578,0.268148
0.974571,0.268185
1.02103,0.268191
1.11339,0.268451
1.18327,0.269336
1.20904,0.269912
1.22753,0.270424
1.2437,0.270946
1.2577,0.271457
1.26986,0.271949
1.2805,0.272416
1.28992,0.27286
1.29834,0.273282
1.30596,0.273685
1.31293,0.274071
1.31938,0.274444
1.32539,0.274804
1.33104,0.275155
1.33637,0.275498
1.34145,0.275833
1.3463,0.276163
1.35095,0.276489
1.35543,0.27681
1.35976,0.277127
1.36395,0.277442
1.36801,0.277754
1.37197,0.278064
1.37582,0.278372
1.37957,0.278678
1.38324,0.278983
1.38682,0.279286
1.39033,0.279588
1.39377,0.279889
1.39714,0.280189
1.40045,0.280489
1.4037,0.280787
1.40689,0.281085
1.41003,0.281382
1.41311,0.281678
1.41615,0.281974
1.41914,0.282269
1.42208,0.282564
1.42499,0.282858
1.42785,0.283152
1.43067,0.283445
1.43345,0.283738
1.4362,0.28403
1.43891,0.284322
1.44158,0.284614
1.44423,0.284906
1.44684,0.285197
1.44942,0.285487
1.45197,0.285778
1.45449,0.286068
1.45698,0.286358
1.45945,0.286648
1.46189,0.286937
1.4643,0.287226
1.46669,0.287515
1.46906,0.287804
1.4714,0.288092
1.47372,0.28838
1.47602,0.288668
1.47829,0.288956
1.48055,0.289244
1.48278,0.289531
1.48499,0.289818
1.48719,0.290106
1.48936,0.290392
1.49152,0.290679
1.49365,0.290966
1.49577,0.291252
1.49787,0.291538
1.49996,0.291825
1.50203,0.292111
1.50408,0.292396
1.50612,0.292682
1.50814,0.292968
1.51014,0.293253
1.51214,0.293539
1.51411,0.293824
1.51607,0.294109
1.51802,0.294394
1.51996,0.294679
1.52188,0.294964
1.52378,0.295248
1.52568,0.295533
1.52756,0.295817
1.52943,0.296102
1.53129,0.296386
1.53313,0.29667
1.53496,0.296954
1.53678,0.297238
1.53859,0.297522
1.54039,0.297806
1.54218,0.298089
1.54396,0.298373
1.54572,0.298656
1.54748,0.29894
1.54923,0.299223
1.55096,0.299507
1.55269,0.29979
1.5544,0.300073
1.55611,0.300356
1.55781,0.300639
1.55949,0.300922
1.56117,0.301205
1.56284,0.301488
1.5645,0.30177
1.56615,0.302053
1.5678,0.302336
1.56943,0.302618
1.57106,0.302901
1.57268,0.303183
1.57429,0.303465
1.57589,0.303748
1.57748,0.30403
1.57907,0.304312
1.58065,0.304594
1.58222,0.304876
1.58378,0.305158
1.58534,0.30544
1.58688,0.305722
1.58843,0.306004
1.58996,0.306286
1.59149,0.306568
1.59301,0.306849
1.59452,0.307131
1.59603,0.307413
1.59753,0.307694
1.59902,0.307976
1.60051,0.308257
1.60199,0.308539
1.60347,0.30882
1.60494,0.309101
1.6064,0.309383
1.60785,0.309664
1.6093,0.309945
1.61075,0.310226
1.61219,0.310508
1.61362,0.310789
1.61505,0.31107
1.61647,0.311351
1.61789,0.311632
1.6193,0.311913
1.6207,0.312194
1.6221,0.312474
1.6235,0.312755
1.62488,0.313036
1.62627,0.313317
1.62765,0.313598
1.62902,0.313878
1.63039,0.314159
1.63175,0.31444
1.63311,0.31472
1.63447,0.315001
1.63582,0.315281
1.63716,0.315562
1.6385,0.315842
1.63984,0.316123
1.64117,0.316403
1.64249,0.316684
1.64381,0.316964
1.64513,0.317244
1.64644,0.317524
1.64775,0.317805
1.64905,0.318085
1.65035,0.318365
1.65165,0.318645
1.65294,0.318926
1.65423,0.319206
1.65551,0.319486
1.65679,0.319766
1.65806,0.320046
1.65933,0.320326
1.6606,0.320606
1.66186,0.320886
1.66312,0.321166
1.66438,0.321446
1.66563,0.321726
1.66688,0.322005
1.66812,0.322285
1.66936,0.322565
1.6706,0.322845
1.67183,0.323125
1.67306,0.323404
1.67429,0.323684
1.67551,0.323964
1.67673,0.324244
1.67794,0.324523
1.67915,0.324803
1.68036,0.325083
1.68157,0.325362
1.68277,0.325642
1.68397,0.325921
1.68516,0.326201
1.68635,0.32648
1.68754,0.32676
1.68873,0.327039
1.68991,0.327319
1.69109,0.327598
1.69226,0.327878
1.69344,0.328157
1.69461,0.328436
1.69577,0.328716
1.69694,0.328995
1.6981,0.329274
1.69926,0.329554
1.70041,0.329833
1.70156,0.330112
1.70271,0.330392
1.70386,0.330671
1.705,0.33095
1.70614,0.331229
1.70728,0.331508
1.70841,0.331788
1.70955,0.332067
1.71068,0.332346
1.7118,0.332625
1.71293,0.332904
1.71405,0.333183
1.71517,0.333462
1.71628,0.333741
1.7174,0.33402
1.71851,0.334299
1.71962,0.334578
1.72072,0.334857
1.72183,0.335136
1.72293,0.335415
1.72402,0.335694
1.72512,0.335973
1.72621,0.336252
1.72731,0.336531
1.72839,0.33681
1.72948,0.337089
1.73056,0.337368
1.73165,0.337646
1.73272,0.337925
1.7338,0.338204
1.73488,0.338483
1.73595,0.338762
1.73702,0.33904
1.73809,0.339319
1.73915,0.339598
1.74021,0.339877
1.74128,0.340155
1.74233,0.340434
1.74339,0.340713
1.74445,0.340991
1.7455,0.34127
1.74655,0.341549
1.7476,0.341827
1.74864,0.342106
1.74969,0.342385
1.75073,0.342663
1.75177,0.342942
1.75281,0.34322
1.75384,0.343499
1.75488,0.343777
1.75591,0.344056
1.75694,0.344334
1.75797,0.344613
1.75899,0.344891
1.76002,0.34517
1.76104,0.345448
1.76206,0.345727
1.76308,0.346005
1.76409,0.346284
1.76511,0.346562
1.76612,0.346841
1.76713,0.347119
1.76814,0.347398
1.76915,0.347676
1.77015,0.347954
1.77116,0.348233
1.77216,0.348511
1.77316,0.348789
1.77416,0.349068
1.77515,0.349346
1.77615,0.349624
1.77714,0.349903
1.77813,0.350181
1.77912,0.350459
1.78011,0.350738
1.78109,0.351016
1.78208,0.351294
1.78306,0.351572
1.78404,0.351851
1.78502,0.352129
1.786,0.352407
1.78698,0.352685
1.78795,0.352963
1.78892,0.353242
1.7899,0.35352
1.79087,0.353798
1.79183,0.354076
1.7928,0.354354
1.79377,0.354632
1.79473,0.354911
1.79569,0.355189
1.79665,0.355467
1.79761,0.355745
1.79857,0.356023
1.79952,0.356301
1.80048,0.356579
1.80143,0.356857
1.80238,0.357135
1.80333,0.357413
1.80428,0.357691
1.80523,0.357969
1.80618,0.358247
1.80712,0.358525
1.80806,0.358804
1.809,0.359082
1.80995,0.35936
1.81088,0.359637
1.81182,0.359915
1.81276,0.360193
1.81369,0.360471
1.81463,0.360749
1.81556,0.361027
1.81649,0.361305
1.81742,0.361583
1.81834,0.361861
1.81927,0.362139
1.8202,0.362417
1.82112,0.362695
1.82204,0.362973
1.82296,0.363251
1.82389,0.363528
1.8248,0.363806
1.82572,0.364084
1.82664,0.364362
1.82755,0.36464
1.82847,0.364918
1.82938,0.365196
1.83029,0.365473
1.8312,0.365751
1.83211,0.366029
1.83302,0.366307
1.83392,0.366585
1.83483,0.366862
1.83573,0.36714
1.83664,0.367418
1.83754,0.367696
1.83844,0.367974
1.83934,0.368251
1.84024,0.368529
1.84113,0.368807
1.84203,0.369085
1.84292,0.369362
1.84382,0.36964
1.84471,0.369918
1.8456,0.370195
1.84649,0.370473
1.84738,0.370751
1.84827,0.371029
1.84916,0.371306
1.85004,0.371584
1.85093,0.371862
1.85181,0.372139
1.85269,0.372417
1.85358,0.372695
1.85446,0.372972
1.85534,0.37325
1.85621,0.373527
1.85709,0.373805
1.85797,0.374083
1.85884,0.37436
1.85972,0.374638
1.86059,0.374916
1.86146,0.375193
1.86233,0.375471
1.8632,0.375748
1.86407,0.376026
1.86494,0.376303
1.86581,0.376581
1.86668,0.376859
1.86754,0.377136
1.86841,0.377414
1.86927,0.377691
1.87013,0.377969
1.87099,0.378246
1.87185,0.378524
1.87271,0.378801
1.87357,0.379079
1.87443,0.379356
1.87529,0.379634
1.87614,0.379911
1.877,0.380189
1.87785,0.380466
1.8787,0.380744
1.87956,0.381021
1.88041,0.381299
1.88126,0.381576
1.88211,0.381854
1.88296,0.382131
1.8838,0.382409
1.88465,0.382686
1.8855,0.382963
1.88634,0.383241
1.88719,0.383518
1.88803,0.383796
1.88887,0.384073
1.88971,0.384351
1.89056,0.384628
1.8914,0.384905
1.89223,0.385183
1.89307,0.38546
1.89391,0.385738
1.89475,0.386015
1.89558,0.386292
1.89642,0.38657
1.89725,0.386847
1.89809,0.387124
1.89892,0.387402
1.89975,0.387679
1.90058,0.387956
1.90141,0.388234
1.90224,0.388511
1.90307,0.388789
1.9039,0.389066
1.90472,0.389343
1.90555,0.38962
1.90638,0.389898
1.9072,0.390175
1.90802,0.390452
1.90885,0.39073
1.90967,0.391007
1.91049,0.391284
1.91131,0.391562
1.91213,0.391839
1.91295,0.392116
1.91377,0.392393
1.91459,0.392671
1.91541,0.392948
1.91622,0.393225
1.91704,0.393502
1.91785,0.39378
1.91867,0.394057
1.91948,0.394334
1.9203,0.394611
1.92111,0.394889
1.92192,0.395166
1.92273,0.395443
1.92354,0.39572
1.92435,0.395998
1.92516,0.396275
1.92597,0.396552
1.92677,0.396829
1.92758,0.397106
1.92839,0.397384
1.92919,0.397661
1.93,0.397938
1.9308,0.398215
1.9316,0.398492
1.93241,0.398769
1.93321,0.399047
1.93401,0.399324
1.93481,0.399601
1.93561,0.399878
1.93641,0.400155
1.93721,0.400432
1.93801,0.40071
1.93881,0.400987
1.9396,0.401264
1.9404,0.401541
1.9412,0.401818
1.94199,0.402095
1.94279,0.402372
1.94358,0.402649
1.94437,0.402927
1.94517,0.403204
1.94596,0.403481
1.94675,0.403758
1.94754,0.404035
1.94833,0.404312
1.94912,0.404589
1.94991,0.404866
1.9507,0.405143
1.95149,0.40542
1.95227,0.405698
1.95306,0.405975
1.95385,0.406252
1.95463,0.406529
1.95542,0.406806
1.9562,0.407083
1.95699,0.40736
1.95777,0.407637
1.95855,0.407914
1.95933,0.408191
1.96012,0.408468
1.9609,0.408745
1.96168,0.409022
1.96246,0.409299
1.96324,0.409576
1.96402,0.409853
1.96479,0.41013
1.96557,0.410407
1.96635,0.410684
1.96713,0.410961
1.9679,0.411238
1.96868,0.411515
1.96945,0.411792
1.97023,0.412069
1.971,0.412346
1.97178,0.412623
1.97255,0.4129
1.97332,0.413177
1.9741,0.413454
1.97487,0.413731
1.97564,0.414008
1.97641,0.414285
1.97718,0.414562
1.97795,0.414839
1.97872,0.415116
1.97949,0.415393
1.98026,0.41567
1.98102,0.415947
1.98179,0.416224
1.98256,0.416501
1.98332,0.416778
1.98409,0.417055
1.98485,0.417331
1.98562,0.417608
1.98638,0.417885
1.98715,0.418162
1.98791,0.418439
1.98867,0.418716
1.98944,0.418993
1.9902,0.41927
1.99096,0.419547
1.99172,0.419824
1.99248,0.420101
1.99324,0.420377
1.994,0.420654
1.99476,0.420931
1.99552,0.421208
1.99628,0.421485
1.99704,0.421762
1.9978,0.422039
1.99855,0.422316
1.99931,0.422592
2.00007,0.422869
2.00082,0.423146
2.00158,0.423423
2.00233,0.4237
2.00309,0.423977
2.00384,0.424254
2.0046,0.42453
2.00535,0.424807
2.0061,0.425084
2.00686,0.425361
2.00761,0.425638
2.00836,0.425915
2.00911,0.426192
2.00986,0.426468
2.01061,0.426745
2.01136,0.427022
2.01211,0.427299
2.01286,0.427576
2.01361,0.427852
2.01436,0.428129
2.01511,0.428406
2.01586,0.428683
2.0166,0.42896
2.01735,0.429236
2.0181,0.429513
2.01884,0.42979
2.01959,0.430067
2.02033,0.430344
2.02108,0.43062
2.02182,0.430897
2.02257,0.431174
2.02331,0.431451
2.02406,0.431727
2.0248,0.432004
2.02554,0.432281
2.02629,0.432558
2.02703,0.432835
2.02777,0.433111
2.02851,0.433388
2.02925,0.433665
2.02999,0.433942
2.03074,0.434218
2.03148,0.434495
2.03222,0.434772
2.03295,0.435049
2.03369,0.435325
2.03443,0.435602
2.03517,0.435879
2.03591,0.436155
2.03665,0.436432
2.03738,0.436709
2.03812,0.436986
2.03886,0.437262
2.0396,0.437539
2.04033,0.437816
2.04107,0.438093
2.0418,0.438369
2.04254,0.438646
2.04327,0.438923
2.04401,0.439199
2.04474,0.439476
2.04548,0.439753
2.04621,0.440029
2.04694,0.440306
2.04768,0.440583
2.04841,0.440859
2.04914,0.441136
2.04987,0.441413
2.0506,0.44169
2.05134,0.441966
2.05207,0.442243
2.0528,0.44252
2.05353,0.442796
2.05426,0.443073
2.05499,0.44335
2.05572,0.443626
2.05645,0.443903
2.05718,0.444179
2.05791,0.444456
2.05864,0.444733
2.05936,0.445009
2.06009,0.445286
2.06082,0.445563
2.06155,0.445839
2.06227,0.446116
2.063,0.446393
2.06373,0.446669
2.06445,0.446946
2.06518,0.447223
2.06591,0.447499
2.06663,0.447776
2.06736,0.448052
2.06808,0.448329
2.06881,0.448606
2.06953,0.448882
2.07025,0.449159
2.07098,0.449435
2.0717,0.449712
2.07243,0.449989
2.07315,0.450265
2.07387,0.450542
2.0746,0.450818
2.07532,0.451095
2.07604,0.451372
2.07676,0.451648
2.07748,0.451925
2.0782,0.452201
2.07893,0.452478
2.07965,0.452755
2.08037,0.453031
2.08109,0.453308
2.08181,0.453584
2.08253,0.453861
2.08325,0.454137
2.08397,0.454414
2.08469,0.454691
2.08541,0.454967
2.08613,0.455244
2.08684,0.45552
2.08756,0.455797
2.08828,0.456073
2.089,0.45635
2.08972,0.456627
2.09043,0.456903
2.09115,0.45718
2.09187,0.457456
2.09259,0.457733
2.0933,0.458009
2.09402,0.458286
2.09473,0.458562
2.09545,0.458839
2.09617,0.459115
2.09688,0.459392
2.0976,0.459668
2.09831,0.459945
2.09903,0.460221
2.09974,0.460498
2.10046,0.460774
2.10117,0.461051
2.10189,0.461328
2.1026,0.461604
2.10331,0.461881
2.10403,0.462157
2.10474,0.462434
2.10545,0.46271
2.10617,0.462987
2.10688,0.463263
2.10759,0.46354
2.1083,0.463816
2.10902,0.464093
2.10973,0.464369
2.11044,0.464646
2.11115,0.464922
2.11186,0.465198
2.11258,0.465475
2.11329,0.465751
2.114,0.466028
2.11471,0.466304
2.11542,0.466581
2.11613,0.466857
2.11684,0.467134
2.11755,0.46741
2.11826,0.467687
2.11897,0.467963
2.11968,0.46824
2.12039,0.468516
2.1211,0.468793
2.12181,0.469069
2.12252,0.469345
2.12322,0.469622
2.12393,0.469898
2.12464,0.470175
2.12535,0.470451
2.12606,0.470728
2.12677,0.471004
2.12747,0.471281
2.12818,0.471557
2.12889,0.471833
2.1296,0.47211
2.1303,0.472386
2.13101,0.472663
2.13172,0.472939
2.13243,0.473216
2.13313,0.473492
2.13384,0.473768
2.13454,0.474045
2.13525,0.474321
2.13596,0.474598
2.13666,0.474874
2.13737,0.475151
2.13807,0.475427
2.13878,0.475703
2.13949,0.47598
2.14019,0.476256
2.1409,0.476533
2.1416,0.476809
2.14231,0.477085
2.14301,0.477362
2.14371,0.477638
2.14442,0.477915
2.14512,0.478191
2.14583,0.478467
2.14653,0.478744
2.14724,0.47902
2.14794,0.479297
2.14864,0.479573
2.14935,0.479849
2.15005,0.480126
2.15075,0.480402
2.15146,0.480678
2.15216,0.480955
2.15286,0.481231
2.15357,0.481508
2.15427,0.481784
2.15497,0.48206
2.15567,0.482337
2.15638,0.482613
2.15708,0.482889
2.15778,0.483166
2.15848,0.483442
2.15919,0.483718
2.15989,0.483995
2.16059,0.484271
2.16129,0.484547
2.16199,0.484824
2.16269,0.4851
2.1634,0.485376
2.1641,0.485653
2.1648,0.485929
2.1655,0.486205
2.1662,0.486482
2.1669,0.486758
2.1676,0.487034
2.1683,0.487311
2.169,0.487587
2.1697,0.487863
2.17041,0.48814
2.17111,0.488416
2.17181,0.488692
2.17251,0.488969
2.17321,0.489245
2.17391,0.489521
2.17461,0.489798
2.17531,0.490074
2.17601,0.49035
2.17671,0.490627
2.17741,0.490903
2.17811,0.491179
2.17881,0.491456
2.1795,0.491732
2.1802,0.492008
2.1809,0.492284
2.1816,0.492561
2.1823,0.492837
2.183,0.493113
2.1837,0.49339
2.1844,0.493666
2.1851,0.493942
2.1858,0.494219
2.1865,0.494495
2.18719,0.494771
2.18789,0.495047
2.18859,0.495324
2.18929,0.4956
2.18999,0.495876
2.19069,0.496152
2.19139,0.496429
2.19208,0.496705
2.19278,0.496981
2.19348,0.497258
2.19418,0.497534
2.19488,0.49781
2.19557,0.498086
2.19627,0.498363
2.19697,0.498639
2.19767,0.498915
2.19837,0.499191
2.19906,0.499468
2.19976,0.499744
2.20046,0.50002
2.20116,0.500296
2.20185,0.500573
2.20255,0.500849
2.20325,0.501125
2.20395,0.501401
2.20464,0.501678
2.20534,0.501954
2.20604,0.50223
2.20674,0.502506
2.20743,0.502783
2.20813,0.503059
2.20883,0.503335
2.20953,0.503611
2.21022,0.503887
2.21092,0.504164
2.21162,0.50444
2.21231,0.504716
2.21301,0.504992
2.21371,0.505269
2.21441,0.505545
2.2151,0.505821
2.2158,0.506097
2.2165,0.506373
2.21719,0.50665
2.21789,0.506926
2.21859,0.507202
2.21928,0.507478
2.21998,0.507754
2.22068,0.508031
2.22137,0.508307
2.22207,0.508583
2.22277,0.508859
2.22346,0.509135
2.22416,0.509412
2.22486,0.509688
2.22555,0.509964
2.22625,0.51024
2.22695,0.510516
2.22764,0.510793
2.22834,0.511069
2.22904,0.511345
2.22973,0.511621
2.23043,0.511897
2.23113,0.512174
2.23182,0.51245
2.23252,0.512726
2.23322,0.513002
2.23391,0.513278
2.23461,0.513554
2.23531,0.513831
2.236,0.514107
2.2367,0.514383
2.2374,0.514659
2.23809,0.514935
2.23879,0.515211
2.23949,0.515488
2.24018,0.515764
2.24088,0.51604
2.24158,0.516316
2.24227,0.516592
2.24297,0.516868
2.24367,0.517145
2.24436,0.517421
2.24506,0.517697
2.24576,0.517973
2.24645,0.518249
2.24715,0.518525
2.24785,0.518801
2.24855,0.519078
2.24924,0.519354
2.24994,0.51963
2.25064,0.519906
2.25133,0.520182
2.25203,0.520458
2.25273,0.520734
2.25342,0.52101
2.25412,0.521287
2.25482,0.521563
2.25551,0.521839
2.25621,0.522115
2.25691,0.522391
2.25761,0.522667
2.2583,0.522943
2.259,0.523219
2.2597,0.523496
2.26039,0.523772
2.26109,0.524048
2.26179,0.524324
2.26249,0.5246
2.26318,0.524876
2.26388,0.525152
2.26458,0.525428
2.26528,0.525704
2.26597,0.525981
2.26667,0.526257
2.26737,0.526533
2.26807,0.526809
2.26876,0.527085
2.26946,0.527361
2.27016,0.527637
2.27086,0.527913
2.27156,0.528189
2.27225,0.528465
2.27295,0.528742
2.27365,0.529018
2.27435,0.529294
2.27505,0.52957
2.27574,0.529846
2.27644,0.530122
2.27714,0.530398
2.27784,0.530674
2.27854,0.53095
2.27924,0.531226
2.27993,0.531502
2.28063,0.531778
2.28133,0.532054
2.28203,0.532331
2.28273,0.532607
2.28343,0.532883
2.28413,0.533159
2.28483,0.533435
2.28552,0.533711
2.28622,0.533987
2.28692,0.534263
2.28762,0.534539
2.28832,0.534815
2.28902,0.535091
2.28972,0.535367
2.29042,0.535643
2.29112,0.535919
2.29182,0.536195
2.29252,0.536471
2.29322,0.536747
2.29392,0.537023
2.29462,0.5373
2.29532,0.537576
2.29602,0.537852
2.29672,0.538128
2.29742,0.538404
2.29812,0.53868
2.29882,0.538956
2.29952,0.539232
2.30022,0.539508
2.30092,0.539784
2.30162,0.54006
2.30232,0.540336
2.30302,0.540612
2.30372,0.540888
2.30442,0.541164
2.30512,0.54144
2.30583,0.541716
2.30653,0.541992
2.30723,0.542268
2.30793,0.542544
2.30863,0.54282
2.30933,0.543096
2.31003,0.543372
2.31074,0.543648
2.31144,0.543924
2.31214,0.5442
2.31284,0.544476
2.31354,0.544752
2.31425,0.545028
2.31495,0.545304
2.31565,0.54558
2.31635,0.545856
2.31706,0.546132
2.31776,0.546408
2.31846,0.546684
2.31917,0.54696
2.31987,0.547236
2.32057,0.547512
2.32128,0.547788
2.32198,0.548064
2.32268,0.54834
2.32339,0.548616
2.32409,0.548892
2.32479,0.549168
2.3255,0.549444
2.3262,0.54972
2.32691,0.549996
2.32761,0.550272
2.32831,0.550548
2.32902,0.550824
2.32972,0.5511
2.33043,0.551376
2.33113,0.551652
2.33184,0.551928
2.33254,0.552204
2.33325,0.55248
2.33395,0.552756
2.33466,0.553032
2.33536,0.553308
2.33607,0.553584
2.33678,0.553859
2.33748,0.554135
2.33819,0.554411
2.33889,0.554687
2.3396,0.554963
2.34031,0.555239
2.34101,0.555515
2.34172,0.555791
2.34243,0.556067
2.34313,0.556343
2.34384,0.556619
2.34455,0.556895
2.34526,0.557171
2.34596,0.557447
2.34667,0.557723
2.34738,0.557999
2.34809,0.558275
2.34879,0.558551
2.3495,0.558826
2.35021,0.559102
2.35092,0.559378
2.35163,0.559654
2.35234,0.55993
2.35305,0.560206
2.35375,0.560482
2.35446,0.560758
2.35517,0.561034
2.35588,0.56131
2.35659,0.561586
2.3573,0.561862
2.35801,0.562138
2.35872,0.562413
2.35943,0.562689
2.36014,0.562965
2.36085,0.563241
2.36156,0.563517
2.36227,0.563793
2.36299,0.564069
2.3637,0.564345
2.36441,0.564621
2.36512,0.564897
2.36583,0.565173
2.36654,0.565448
2.36725,0.565724
2.36797,0.566
2.36868,0.566276
2.36939,0.566552
2.3701,0.566828
2.37082,0.567104
2.37153,0.56738
2.37224,0.567656
2.37296,0.567932
2.37367,0.568207
2.37438,0.568483
2.3751,0.568759
2.37581,0.569035
2.37652,0.569311
2.37724,0.569587
2.37795,0.569863
2.37867,0.570139
2.37938,0.570414
2.3801,0.57069
2.38081,0.570966
2.38153,0.571242
2.38224,0.571518
2.38296,0.571794
2.38367,0.57207
2.38439,0.572346
2.38511,0.572621
2.38582,0.572897
2.38654,0.573173
2.38726,0.573449
2.38797,0.573725
2.38869,0.574001
2.38941,0.574277
2.39012,0.574552
2.39084,0.574828
2.39156,0.575104
2.39228,0.57538
2.393,0.575656
2.39371,0.575932
2.39443,0.576208
2.39515,0.576483
2.39587,0.576759
2.39659,0.577035
2.39731,0.577311
2.39803,0.577587
2.39875,0.577863
2.39947,0.578138
2.40019,0.578414
2.40091,0.57869
2.40163,0.578966
2.40235,0.579242
2.40307,0.579518
2.40379,0.579793
2.40451,0.580069
2.40523,0.580345
2.40596,0.580621
2.40668,0.580897
2.4074,0.581173
2.40812,0.581448
2.40884,0.581724
2.40957,0.582
2.41029,0.582276
2.41101,0.582552
2.41174,0.582827
2.41246,0.583103
2.41318,0.583379
2.41391,0.583655
2.41463,0.583931
2.41536,0.584207
2.41608,0.584482
2.41681,0.584758
2.41753,0.585034
2.41826,0.58531
2.41898,0.585586
2.41971,0.585861
2.42043,0.586137
2.42116,0.586413
2.42189,0.586689
2.42261,0.586965
2.42334,0.58724
2.42407,0.587516
2.42479,0.587792
2.42552,0.588068
2.42625,0.588344
2.42698,0.588619
2.42771,0.588895
2.42843,0.589171
2.42916,0.589447
2.42989,0.589722
2.43062,0.589998
2.43135,0.590274
2.43208,0.59055
2.43281,0.590826
2.43354,0.591101
2.43427,0.591377
2.435,0.591653
2.43573,0.591929
2.43646,0.592204
2.43719,0.59248
2.43793,0.592756
2.43866,0.593032
2.43939,0.593308
2.44012,0.593583
2.44085,0.593859
2.44159,0.594135
2.44232,0.594411
2.44305,0.594686
2.44379,0.594962
2.44452,0.595238
2.44525,0.595514
2.44599,0.595789
2.44672,0.596065
2.44746,0.596341
2.44819,0.596617
2.44893,0.596892
2.44966,0.597168
2.4504,0.597444
2.45114,0.59772
2.45187,0.597995
2.45261,0.598271
2.45335,0.598547
2.45408,0.598823
2.45482,0.599098
2.45556,0.599374
2.4563,0.59965
2.45703,0.599925
2.45777,0.600201
2.45851,0.600477
2.45925,0.600753
2.45999,0.601028
2.46073,0.601304
2.46147,0.60158
2.46221,0.601856
2.46295,0.602131
2.46369,0.602407
2.46443,0.602683
2.46517,0.602958
2.46591,0.603234
2.46665,0.60351
2.4674,0.603786
2.46814,0.604061
2.46888,0.604337
2.46962,0.604613
2.47037,0.604888
2.47111,0.605164
2.47185,0.60544
2.4726,0.605716
2.47334,0.605991
2.47409,0.606267
2.47483,0.606543
2.47558,0.606818
2.47632,0.607094
2.47707,0.60737
2.47781,0.607645
2.47856,0.607921
2.4793,0.608197
2.48005,0.608473
2.4808,0.608748
2.48155,0.609024
2.48229,0.6093
2.48304,0.609575
2.48379,0.609851
2.48454,0.610127
2.48529,0.610402
2.48604,0.610678
2.48679,0.610954
2.48754,0.611229
2.48829,0.611505
2.48904,0.611781
2.48979,0.612056
2.49054,0.612332
2.49129,0.612608
2.49204,0.612883
2.49279,0.613159
2.49355,0.613435
2.4943,0.61371
2.49505,0.613986
2.4958,0.614262
2.49656,0.614537
2.49731,0.614813
2.49807,0.615089
2.49882,0.615364
2.49957,0.61564
2.50033,0.615916
2.50108,0.616191
2.50184,0.616467
2.5026,0.616743
2.50335,0.617018
2.50411,0.617294
2.50487,0.61757
2.50562,0.617845
2.50638,0.618121
2.50714,0.618397
2.5079,0.618672
2.50866,0.618948
2.50942,0.619224
2.51017,0.619499
2.51093,0.619775
2.51169,0.62005
2.51245,0.620326
2.51322,0.620602
2.51398,0.620877
2.51474,0.621153
2.5155,0.621429
2.51626,0.621704
2.51702,0.62198
2.51779,0.622255
2.51855,0.622531
2.51931,0.622807
2.52008,0.623082
2.52084,0.623358
2.5216,0.623634
2.52237,0.623909
2.52313,0.624185
2.5239,0.62446
2.52467,0.624736
2.52543,0.625012
2.5262,0.625287
2.52697,0.625563
2.52773,0.625838
2.5285,0.626114
2.52927,0.62639
2.53004,0.626665
2.53081,0.626941
2.53157,0.627216
2.53234,0.627492
2.53311,0.627768
2.53388,0.628043
2.53465,0.628319
2.53542,0.628594
2.5362,0.62887
2.53697,0.629146
2.53774,0.629421
2.53851,0.629697
2.53928,0.629972
2.54006,0.630248
2.54083,0.630524
2.5416,0.630799
2.54238,0.631075
2.54315,0.63135
2.54393,0.631626
2.5447,0.631901
2.54548,0.632177
2.54625,0.632453
2.54703,0.632728
2.54781,0.633004
2.54859,0.633279
2.54936,0.633555
2.55014,0.63383
2.55092,0.634106
2.5517,0.634382
2.55248,0.634657
2.55326,0.634933
2.55404,0.635208
2.55482,0.635484
2.5556,0.635759
2.55638,0.636035
2.55716,0.636311
2.55794,0.636586
2.55872,0.636862
2.55951,0.637137
2.56029,0.637413
2.56107,0.637688
2.56186,0.637964
2.56264,0.638239
2.56343,0.638515
2.56421,0.63879
2.565,0.639066
2.56578,0.639342
2.56657,0.639617
2.56736,0.639893
2.56814,0.640168
2.56893,0.640444
2.56972,0.640719
2.57051,0.640995
2.57129,0.64127
2.57208,0.641546
2.57287,0.641821
2.57366,0.642097
2.57445,0.642372
2.57524,0.642648
2.57604,0.642923
2.57683,0.643199
2.57762,0.643474
2.57841,0.64375
2.57921,0.644026
2.58,0.644301
2.58079,0.644577
2.58159,0.644852
2.58238,0.645128
2.58318,0.645403
2.58397,0.645679
2.58477,0.645954
2.58556,0.64623
2.58636,0.646505
2.58716,0.646781
2.58796,0.647056
2.58875,0.647332
2.58955,0.647607
2.59035,0.647883
2.59115,0.648158
2.59195,0.648434
2.59275,0.648709
2.59355,0.648985
2.59435,0.64926
2.59516,0.649536
2.59596,0.649811
2.59676,0.650087
2.59756,0.650362
2.59837,0.650637
2.59917,0.650913
2.59998,0.651188
2.60078,0.651464
2.60159,0.651739
2.60239,0.652015
2.6032,0.65229
2.604,0.652566
2.60481,0.652841
2.60562,0.653117
2.60643,0.653392
2.60724,0.653668
2.60805,0.653943
2.60885,0.654219
2.60966,0.654494
2.61048,0.65477
2.61129,0.655045
2.6121,0.65532
2.61291,0.655596
2.61372,0.655871
2.61453,0.656147
2.61535,0.656422
2.61616,0.656698
2.61698,0.656973
2.61779,0.657249
2.61861,0.657524
2.61942,0.6578
2.62024,0.658075
2.62106,0.65835
2.62187,0.658626
2.62269,0.658901
2.62351,0.659177
2.62433,0.659452
2.62515,0.659728
2.62597,0.660003
2.62679,0.660278
2.62761,0.660554
2.62843,0.660829
2.62925,0.661105
2.63007,0.66138
2.63089,0.661656
2.63172,0.661931
2.63254,0.662206
2.63337,0.662482
2.63419,0.662757
2.63502,0.663033
2.63584,0.663308
2.63667,0.663584
2.63749,0.663859
2.63832,0.664134
2.63915,0.66441
2.63998,0.664685
2.64081,0.664961
2.64164,0.665236
2.64247,0.665511
2.6433,0.665787
2.64413,0.666062
2.64496,0.666338
2.64579,0.666613
2.64662,0.666888
2.64746,0.667164
2.64829,0.667439
2.64912,0.667715
2.64996,0.66799
2.65079,0.668265
2.65163,0.668541
2.65247,0.668816
2.6533,0.669092
2.65414,0.669367
2.65498,0.669642
2.65582,0.669918
2.65665,0.670193
2.65749,0.670468
2.65833,0.670744
2.65917,0.671019
2.66002,0.671295
2.66086,0.67157
2.6617,0.671845
2.66254,0.672121
2.66339,0.672396
2.66423,0.672671
2.66507,0.672947
2.66592,0.673222
2.66676,0.673498
2.66761,0.673773
2.66846,0.674048
2.66931,0.674324
2.67015,0.674599
2.671,0.674874
2.67185,0.67515
2.6727,0.675425
2.67355,0.6757
2.6744,0.675976
2.67525,0.676251
2.6761,0.676526
2.67696,0.676802
2.67781,0.677077
2.67866,0.677352
2.67952,0.677628
2.68037,0.677903
2.68123,0.678178
2.68208,0.678454
2.68294,0.678729
2.6838,0.679004
2.68465,0.67928
2.68551,0.679555
2.68637,0.67983
2.68723,0.680106
2.68809,0.680381
2.68895,0.680656
2.68981,0.680932
2.69068,0.681207
2.69154,0.681482
2.6924,0.681758
2.69327,0.682033
2.69413,0.682308
2.69499,0.682584
2.69586,0.682859
2.69673,0.683134
2.69759,0.683409
2.69846,0.683685
2.69933,0.68396
2.7002,0.684235
2.70107,0.684511
2.70194,0.684786
2.70281,0.685061
2.70368,0.685337
2.70455,0.685612
2.70542,0.685887
2.7063,0.686162
2.70717,0.686438
2.70804,0.686713
2.70892,0.686988
2.70979,0.687264
2.71067,0.687539
2.71155,0.687814
2.71242,0.688089
2.7133,0.688365
2.71418,0.68864
2.71506,0.688915
2.71594,0.689191
2.71682,0.689466
2.7177,0.689741
2.71859,0.690016
2.71947,0.690292
2.72035,0.690567
2.72124,0.690842
2.72212,0.691117
2.72301,0.691393
2.72389,0.691668
2.72478,0.691943
2.72567,0.692218
2.72655,0.692494
2.72744,0.692769
2.72833,0.693044
2.72922,0.693319
2.73011,0.693595
2.731,0.69387
2.7319,0.694145
2.73279,0.69442
2.73368,0.694696
2.73458,0.694971
2.73547,0.695246
2.73637,0.695521
2.73726,0.695797
2.73816,0.696072
2.73906,0.696347
2.73996,0.696622
2.74085,0.696898
2.74175,0.697173
2.74265,0.697448
2.74356,0.697723
2.74446,0.697998
2.74536,0.698274
2.74626,0.698549
2.74717,0.698824
2.74807,0.699099
2.74898,0.699374
2.74988,0.69965
2.75079,0.699925
2.7517,0.7002
2.75261,0.700475
2.75351,0.700751
2.75442,0.701026
2.75533,0.701301
2.75625,0.701576
2.75716,0.701851
2.75807,0.702127
2.75898,0.702402
2.7599,0.702677
2.76081,0.702952
2.76173,0.703227
2.76264,0.703502
2.76356,0.703778
2.76448,0.704053
2.7654,0.704328
2.76632,0.704603
2.76724,0.704878
2.76816,0.705154
2.76908,0.705429
2.77,0.705704
2.77092,0.705979
2.77185,0.706254
2.77277,0.706529
2.7737,0.706805
2.77462,0.70708
2.77555,0.707355
2.77648,0.70763
2.77741,0.707905
2.77833,0.70818
2.77926,0.708456
2.7802,0.708731
2.78113,0.709006
2.78206,0.709281
2.78299,0.709556
2.78393,0.709831
2.78486,0.710106
2.7858,0.710382
2.78673,0.710657
2.78767,0.710932
2.78861,0.711207
2.78954,0.711482
2.79048,0.711757
2.79142,0.712032
2.79237,0.712308
2.79331,0.712583
2.79425,0.712858
2.79519,0.713133
2.79614,0.713408
2.79708,0.713683
2.79803,0.713958
2.79897,0.714233
2.79992,0.714509
2.80087,0.714784
2.80182,0.715059
2.80277,0.715334
2.80372,0.715609
2.80467,0.715884
2.80562,0.716159
2.80658,0.716434
2.80753,0.716709
2.80849,0.716984
2.80944,0.71726
2.8104,0.717535
2.81136,0.71781
2.81231,0.718085
2.81327,0.71836
2.81423,0.718635
2.81519,0.71891
2.81616,0.719185
2.81712,0.71946
2.81808,0.719735
2.81905,0.72001
2.82001,0.720286
2.82098,0.720561
2.82194,0.720836
2.82291,0.721111
2.82388,0.721386
2.82485,0.721661
2.82582,0.721936
2.82679,0.722211
2.82776,0.722486
2.82874,0.722761
2.82971,0.723036
2.83069,0.723311
2.83166,0.723586
2.83264,0.723861
2.83362,0.724136
2.83459,0.724412
2.83557,0.724687
2.83655,0.724962
2.83754,0.725237
2.83852,0.725512
2.8395,0.725787
2.84048,0.726062
2.84147,0.726337
2.84245,0.726612
2.84344,0.726887
2.84443,0.727162
2.84542,0.727437
2.84641,0.727712
2.8474,0.727987
2.84839,0.728262
2.84938,0.728537
2.85037,0.728812
2.85137,0.729087
2.85236,0.729362
2.85336,0.729637
2.85436,0.729912
2.85535,0.730187
2.85635,0.730462
2.85735,0.730737
2.85835,0.731012
2.85936,0.731287
2.86036,0.731562
2.86136,0.731837
2.86237,0.732112
2.86337,0.732387
2.86438,0.732662
2.86539,0.732937
2.86639,0.733212
2.8674,0.733487
2.86841,0.733762
2.86943,0.734037
2.87044,0.734312
2.87145,0.734587
2.87247,0.734862
2.87348,0.735137
2.8745,0.735412
2.87552,0.735687
2.87653,0.735962
2.87755,0.736237
2.87857,0.736512
2.8796,0.736787
2.88062,0.737062
2.88164,0.737337
2.88267,0.737612
2.88369,0.737887
2.88472,0.738162
2.88575,0.738437
2.88677,0.738711
2.8878,0.738986
2.88883,0.739261
2.88987,0.739536
2.8909,0.739811
2.89193,0.740086
2.89297,0.740361
2.894,0.740636
2.89504,0.740911
2.89608,0.741186
2.89712,0.741461
2.89816,0.741736
2.8992,0.742011
2.90024,0.742286
2.90129,0.742561
2.90233,0.742835
2.90338,0.74311
2.90442,0.743385
2.90547,0.74366
2.90652,0.743935
2.90757,0.74421
2.90862,0.744485
2.90967,0.74476
2.91072,0.745035
2.91178,0.74531
2.91283,0.745585
2.91389,0.745859
2.91495,0.746134
2.91601,0.746409
2.91707,0.746684
2.91813,0.746959
2.91919,0.747234
2.92025,0.747509
2.92132,0.747784
2.92238,0.748059
2.92345,0.748333
2.92452,0.748608
2.92559,0.748883
2.92666,0.749158
2.92773,0.749433
2.9288,0.749708
2.92987,0.749983
2.93095,0.750257
2.93202,0.750532
2.9331,0.750807
2.93418,0.751082
2.93526,0.751357
2.93634,0.751632
2.93742,0.751907
2.9385,0.752181
2.93959,0.752456
2.94067,0.752731
2.94176,0.753006
2.94285,0.753281
2.94394,0.753556
2.94503,0.75383
2.94612,0.754105
2.94721,0.75438
2.9483,0.754655
2.9494,0.75493
2.95049,0.755205
2.95159,0.755479
2.95269,0.755754
2.95379,0.756029
2.95489,0.756304
2.95599,0.756579
2.95709,0.756853
2.9582,0.757128
2.95931,0.757403
2.96041,0.757678
2.96152,0.757953
2.96263,0.758227
2.96374,0.758502
2.96485,0.758777
2.96597,0.759052
2.96708,0.759327
2.9682,0.759601
2.96932,0.759876
2.97043,0.760151
2.97155,0.760426
2.97267,0.7607
2.9738,0.760975
2.97492,0.76125
2.97605,0.761525
2.97717,0.7618
2.9783,0.762074
2.97943,0.762349
2.98056,0.762624
2.98169,0.762899
2.98282,0.763173
2.98396,0.763448
2.98509,0.763723
2.98623,0.763998
2.98737,0.764272
2.98851,0.764547
2.98965,0.764822
2.99079,0.765097
2.99193,0.765371
2.99308,0.765646
2.99422,0.765921
2.99537,0.766195
2.99652,0.76647
2.99767,0.766745
2.99882,0.76702
2.99998,0.767294
3.00113,0.767569
3.00229,0.767844
3.00344,0.768118
3.0046,0.768393
3.00576,0.768668
3.00692,0.768943
3.00809,0.769217
3.00925,0.769492
3.01042,0.769767
3.01158,0.770041
3.01275,0.770316
3.01392,0.770591
3.01509,0.770865
3.01627,0.77114
3.01744,0.771415
3.01862,0.771689
3.01979,0.771964
3.02097,0.772239
3.02215,0.772514
3.02333,0.772788
3.02452,0.773063
3.0257,0.773337
3.02689,0.773612
3.02807,0.773887
3.02926,0.774161
3.03045,0.774436
3.03165,0.774711
3.03284,0.774985
3.03403,0.77526
3.03523,0.775535
3.03643,0.775809
3.03763,0.776084
3.03883,0.776359
3.04003,0.776633
3.04124,0.776908
3.04244,0.777182
3.04365,0.777457
3.04486,0.777732
3.04607,0.778006
3.04728,0.778281
3.04849,0.778556
3.04971,0.77883
3.05092,0.779105
3.05214,0.779379
3.05336,0.779654
3.05458,0.779929
3.0558,0.780203
3.05703,0.780478
3.05825,0.780752
3.05948,0.781027
3.06071,0.781302
3.06194,0.781576
3.06317,0.781851
3.06441,0.782125
3.06564,0.7824
3.06688,0.782674
3.06812,0.782949
3.06936,0.783224
3.0706,0.783498
3.07184,0.783773
3.07309,0.784047
3.07434,0.784322
3.07559,0.784596
3.07684,0.784871
3.07809,0.785145
3.07934,0.78542
3.0806,0.785695
3.08185,0.785969
3.08311,0.786244
3.08437,0.786518
3.08564,0.786793
3.0869,0.787067
3.08817,0.787342
3.08943,0.787616
3.0907,0.787891
3.09197,0.788165
3.09324,0.78844
3.09452,0.788714
3.09579,0.788989
3.09707,0.789263
3.09835,0.789538
3.09963,0.789812
3.10092,0.790087
3.1022,0.790361
3.10349,0.790636
3.10478,0.79091
3.10607,0.791185
3.10736,0.791459
3.10865,0.791734
3.10995,0.792008
3.11124,0.792283
3.11254,0.792557
3.11385,0.792832
3.11515,0.793106
3.11645,0.79338
3.11776,0.793655
3.11907,0.793929
3.12038,0.794204
3.12169,0.794478
3.123,0.794753
3.12432,0.795027
3.12564,0.795302
3.12696,0.795576
3.12828,0.79585
3.1296,0.796125
3.13093,0.796399
3.13225,0.796674
3.13358,0.796948
3.13491,0.797223
3.13625,0.797497
3.13758,0.797771
3.13892,0.798046
3.14026,0.79832
3.1416,0.798595
3.14294,0.798869
3.14429,0.799143
3.14563,0.799418
3.14698,0.799692
3.14833,0.799967
3.14968,0.800241
3.15104,0.800515
3.1524,0.80079
3.15375,0.801064
3.15511,0.801338
3.15648,0.801613
3.15784,0.801887
3.15921,0.802162
3.16058,0.802436
3.16195,0.80271
3.16332,0.802985
3.1647,0.803259
3.16607,0.803533
3.16745,0.803808
3.16883,0.804082
3.17022,0.804356
3.1716,0.804631
3.17299,0.804905
3.17438,0.805179
3.17577,0.805454
3.17716,0.805728
3.17856,0.806002
3.17996,0.806276
3.18136,0.806551
3.18276,0.806825
3.18417,0.807099
3.18557,0.807374
3.18698,0.807648
3.18839,0.807922
3.18981,0.808197
3.19122,0.808471
3.19264,0.808745
3.19406,0.809019
3.19548,0.809294
3.19691,0.809568
3.19833,0.809842
3.19976,0.810116
3.20119,0.810391
3.20263,0.810665
3.20406,0.810939
3.2055,0.811213
3.20694,0.811488
3.20838,0.811762
3.20983,0.812036
3.21127,0.81231
3.21272,0.812585
3.21417,0.812859
3.21563,0.813133
3.21708,0.813407
3.21854,0.813682
3.22,0.813956
3.22147,0.81423
3.22293,0.814504
3.2244,0.814778
3.22587,0.815053
3.22735,0.815327
3.22882,0.815601
3.2303,0.815875
3.23178,0.816149
3.23326,0.816423
3.23475,0.816698
3.23623,0.816972
3.23772,0.817246
3.23922,0.81752
3.24071,0.817794
3.24221,0.818068
3.24371,0.818343
3.24521,0.818617
3.24672,0.818891
3.24822,0.819165
3.24973,0.819439
3.25125,0.819713
3.25276,0.819987
3.25428,0.820262
3.2558,0.820536
3.25732,0.82081
3.25885,0.821084
3.26038,0.821358
3.26191,0.821632
3.26344,0.821906
3.26498,0.82218
3.26651,0.822454
3.26805,0.822728
3.2696,0.823003
3.27114,0.823277
3.27269,0.823551
3.27425,0.823825
3.2758,0.824099
3.27736,0.824373
3.27892,0.824647
3.28048,0.824921
3.28204,0.825195
3.28361,0.825469
3.28518,0.825743
3.28676,0.826017
3.28833,0.826291
3.28991,0.826565
3.29149,0.826839
3.29308,0.827113
3.29467,0.827387
3.29626,0.827661
3.29785,0.827935
3.29945,0.828209
3.30104,0.828483
3.30265,0.828757
3.30425,0.829031
3.30586,0.829305
3.30747,0.829579
3.30908,0.829853
3.3107,0.830127
3.31232,0.830401
3.31394,0.830675
3.31556,0.830949
3.31719,0.831223
3.31882,0.831497
3.32046,0.831771
3.32209,0.832045
3.32373,0.832319
3.32538,0.832593
3.32702,0.832867
3.32867,0.833141
3.33032,0.833415
3.33198,0.833689
3.33363,0.833963
3.3353,0.834237
3.33696,0.83451
3.33863,0.834784
3.3403,0.835058
3.34197,0.835332
3.34365,0.835606
3.34533,0.83588
3.34701,0.836154
3.3487,0.836428
3.35039,0.836702
3.35208,0.836975
3.35378,0.837249
3.35548,0.837523
3.35718,0.837797
3.35888,0.838071
3.36059,0.838345
3.36231,0.838618
3.36402,0.838892
3.36574,0.839166
3.36746,0.83944
3.36919,0.839714
3.37092,0.839988
3.37265,0.840261
3.37438,0.840535
3.37612,0.840809
3.37787,0.841083
3.37961,0.841357
3.38136,0.84163
3.38311,0.841904
3.38487,0.842178
3.38663,0.842452
3.38839,0.842726
3.39016,0.842999
3.39193,0.843273
3.3937,0.843547
3.39548,0.843821
3.39726,0.844094
3.39905,0.844368
3.40083,0.844642
3.40262,0.844915
3.40442,0.845189
3.40622,0.845463
3.40802,0.845737
3.40983,0.84601
3.41164,0.846284
3.41345,0.846558
3.41527,0.846831
3.41709,0.847105
3.41891,0.847379
3.42074,0.847652
3.42257,0.847926
3.42441,0.8482
3.42625,0.848473
3.42809,0.848747
3.42994,0.849021
3.43179,0.849294
3.43365,0.849568
3.43551,0.849842
3.43737,0.850115
3.43924,0.850389
3.44111,0.850663
3.44298,0.850936
3.44486,0.85121
3.44674,0.851483
3.44863,0.851757
3.45052,0.852031
3.45242,0.852304
3.45432,0.852578
3.45622,0.852851
3.45813,0.853125
3.46004,0.853398
3.46195,0.853672
3.46387,0.853946
3.46579,0.854219
3.46772,0.854493
3.46965,0.854766
3.47159,0.85504
3.47353,0.855313
3.47548,0.855587
3.47742,0.85586
3.47938,0.856134
3.48133,0.856407
3.4833,0.856681
3.48526,0.856954
3.48723,0.857228
3.48921,0.857501
3.49119,0.857775
3.49317,0.858048
3.49516,0.858322
3.49715,0.858595
3.49915,0.858868
3.50115,0.859142
3.50316,0.859415
3.50517,0.859689
3.50718,0.859962
3.5092,0.860236
3.51123,0.860509
3.51326,0.860782
3.51529,0.861056
3.51733,0.861329
3.51937,0.861603
3.52142,0.861876
3.52347,0.862149
3.52553,0.862423
3.52759,0.862696
3.52966,0.862969
3.53173,0.863243
3.53381,0.863516
3.53589,0.863789
3.53797,0.864063
3.54006,0.864336
3.54216,0.864609
3.54426,0.864883
3.54637,0.865156
3.54848,0.865429
3.5506,0.865703
3.55272,0.865976
3.55484,0.866249
3.55697,0.866522
3.55911,0.866796
3.56125,0.867069
3.5634,0.867342
3.56555,0.867615
3.56771,0.867889
3.56987,0.868162
3.57204,0.868435
3.57421,0.868708
3.57639,0.868981
3.57857,0.869255
3.58076,0.869528
3.58296,0.869801
3.58516,0.870074
3.58736,0.870347
3.58957,0.870621
3.59179,0.870894
3.59401,0.871167
3.59624,0.87144
3.59847,0.871713
3.60071,0.871986
3.60295,0.872259
3.6052,0.872532
3.60746,0.872806
3.60972,0.873079
3.61199,0.873352
3.61426,0.873625
3.61654,0.873898
3.61882,0.874171
3.62111,0.874444
3.62341,0.874717
3.62571,0.87499
3.62802,0.875263
3.63033,0.875536
3.63265,0.875809
3.63498,0.876082
3.63731,0.876355
3.63965,0.876628
3.64199,0.876901
3.64435,0.877174
3.6467,0.877447
3.64907,0.87772
3.65143,0.877993
3.65381,0.878266
3.65619,0.878539
3.65858,0.878812
3.66098,0.879085
3.66338,0.879358
3.66578,0.879631
3.6682,0.879904
3.67062,0.880177
3.67305,0.880449
3.67548,0.880722
3.67792,0.880995
3.68037,0.881268
3.68282,0.881541
3.68528,0.881814
3.68775,0.882087
3.69022,0.882359
3.6927,0.882632
3.69519,0.882905
3.69769,0.883178
3.70019,0.883451
3.7027,0.883723
3.70521,0.883996
3.70774,0.884269
3.71027,0.884542
3.7128,0.884814
3.71535,0.885087
3.7179,0.88536
3.72046,0.885633
3.72302,0.885905
3.7256,0.886178
3.72818,0.886451
3.73077,0.886724
3.73336,0.886996
3.73597,0.887269
3.73858,0.887542
3.7412,0.887814
3.74382,0.888087
3.74646,0.888359
3.7491,0.888632
3.75175,0.888905
3.7544,0.889177
3.75707,0.88945
3.75974,0.889722
3.76242,0.889995
3.76511,0.890268
3.76781,0.89054
3.77051,0.890813
3.77323,0.891085
3.77595,0.891358
3.77868,0.89163
3.78141,0.891903
3.78416,0.892175
3.78691,0.892448
3.78968,0.89272
3.79245,0.892993
3.79523,0.893265
3.79802,0.893538
3.80081,0.89381
3.80362,0.894082
3.80643,0.894355
3.80926,0.894627
3.81209,0.8949
3.81493,0.895172
3.81778,0.895444
3.82064,0.895717
3.8235,0.895989
3.82638,0.896262
3.82927,0.896534
3.83216,0.896806
3.83507,0.897078
3.83798,0.897351
3.8409,0.897623
3.84383,0.897895
3.84678,0.898168
3.84973,0.89844
3.85269,0.898712
3.85566,0.898984
3.85864,0.899257
3.86163,0.899529
3.86463,0.899801
3.86764,0.900073
3.87066,0.900345
3.87369,0.900617
3.87673,0.90089
3.87978,0.901162
3.88284,0.901434
3.88591,0.901706
3.88899,0.901978
3.89208,0.90225
3.89518,0.902522
3.89829,0.902794
3.90142,0.903066
3.90455,0.903338
3.9077,0.90361
3.91085,0.903882
3.91402,0.904154
3.91719,0.904426
3.92038,0.904698
3.92358,0.90497
3.92679,0.905242
3.93001,0.905514
3.93324,0.905786
3.93649,0.906058
3.93974,0.90633
3.94301,0.906602
3.94629,0.906874
3.94958,0.907146
3.95288,0.907418
3.9562,0.907689
3.95952,0.907961
3.96286,0.908233
3.96621,0.908505
3.96957,0.908777
3.97295,0.909048
3.97633,0.90932
3.97973,0.909592
3.98314,0.909864
3.98657,0.910135
3.99,0.910407
3.99345,0.910679
3.99692,0.91095
4.00039,0.911222
4.00388,0.911494
4.00738,0.911765
4.0109,0.912037
4.01443,0.912308
4.01797,0.91258
4.02152,0.912852
4.02509,0.913123
4.02867,0.913395
4.03227,0.913666
4.03588,0.913938
4.0395,0.914209
4.04314,0.914481
4.04679,0.914752
4.05046,0.915024
4.05414,0.915295
4.05784,0.915566
4.06155,0.915838
4.06527,0.916109
4.06901,0.916381
4.07277,0.916652
4.07654,0.916923
4.08032,0.917195
4.08412,0.917466
4.08794,0.917737
4.09177,0.918008
4.09562,0.91828
4.09948,0.918551
4.10336,0.918822
4.10725,0.919093
4.11116,0.919365
4.11509,0.919636
4.11903,0.919907
4.12299,0.920178
4.12697,0.920449
4.13096,0.92072
4.13497,0.920991
4.139,0.921262
4.14304,0.921533
4.1471,0.921804
4.15118,0.922075
4.15527,0.922346
4.15939,0.922617
4.16352,0.922888
4.16767,0.923159
4.17184,0.92343
4.17602,0.923701
4.18023,0.923972
4.18445,0.924243
4.18869,0.924514
4.19295,0.924784
4.19723,0.925055
4.20153,0.925326
4.20585,0.925597
4.21018,0.925867
4.21454,0.926138
4.21892,0.926409
4.22331,0.926679
4.22773,0.92695
4.23217,0.927221
4.23663,0.927491
4.2411,0.927762
4.2456,0.928032
4.25012,0.928303
4.25466,0.928574
4.25923,0.928844
4.26381,0.929115
4.26842,0.929385
4.27305,0.929655
4.2777,0.929926
4.28237,0.930196
4.28706,0.930467
4.29178,0.930737
4.29652,0.931007
4.30128,0.931278
4.30607,0.931548
4.31088,0.931818
4.31572,0.932088
4.32057,0.932358
4.32546,0.932629
4.33036,0.932899
4.33529,0.933169
4.34025,0.933439
4.34523,0.933709
4.35024,0.933979
4.35527,0.934249
4.36033,0.934519
4.36541,0.934789
4.37052,0.935059
4.37566,0.935329
4.38082,0.935599
4.38601,0.935869
4.39123,0.936139
4.39648,0.936408
4.40175,0.936678
4.40705,0.936948
4.41238,0.937218
4.41774,0.937487
4.42312,0.937757
4.42854,0.938027
4.43399,0.938296
4.43946,0.938566
4.44497,0.938836
4.4505,0.939105
4.45607,0.939375
4.46167,0.939644
4.46729,0.939914
4.47295,0.940183
4.47865,0.940452
4.48437,0.940722
4.49013,0.940991
4.49592,0.94126
4.50174,0.94153
4.5076,0.941799
4.51349,0.942068
4.51941,0.942337
4.52537,0.942606
4.53137,0.942875
4.5374,0.943144
4.54346,0.943414
4.54957,0.943683
4.5557,0.943951
4.56188,0.94422
4.56809,0.944489
4.57434,0.944758
4.58063,0.945027
4.58696,0.945296
4.59333,0.945565
4.59973,0.945833
4.60618,0.946102
4.61267,0.946371
4.61919,0.946639
4.62576,0.946908
4.63237,0.947176
4.63902,0.947445
4.64572,0.947713
4.65246,0.947982
4.65924,0.94825
4.66607,0.948518
4.67294,0.948787
4.67985,0.949055
4.68681,0.949323
4.69382,0.949591
4.70088,0.949859
4.70798,0.950128
4.71513,0.950396
4.72233,0.950664
4.72958,0.950932
4.73688,0.951199
4.74423,0.951467
4.75163,0.951735
4.75908,0.952003
4.76658,0.952271
4.77414,0.952538
4.78175,0.952806
4.78942,0.953074
4.79714,0.953341
4.80492,0.953609
4.81275,0.953876
4.82064,0.954144
4.82859,0.954411
4.83659,0.954678
4.84466,0.954945
4.85279,0.955213
4.86097,0.95548
4.86922,0.955747
4.87754,0.956014
4.88591,0.956281
4.89435,0.956548
4.90286,0.956815
4.91143,0.957082
4.92007,0.957348
4.92878,0.957615
4.93756,0.957882
4.94641,0.958148
4.95533,0.958415
4.96432,0.958681
4.97338,0.958948
4.98252,0.959214
4.99173,0.95948
